<OCR, MediaPipe, CVZONE>
https://ai.google.dev/edge/mediapipe/solutions/guide?hl=ko
https://github.com/google-ai-edge/mediapipe?tab=readme-ov-file

MediaPipe를 제어하는것은 어려운 일... => CVZONE
git cvzone

---------------------------------------------------------------------

MediaPipe 설치 => CVZONE

pip install cvzone

cvzone_mesh.py
No module named 'mediapipe'

pip install mediapipe

cvzone_hand.py

{'lmList': [[465, 446, 0], [491, 411, -31], [499, 368, -51], [496, 332, -67], [492, 298, -85], [434, 310, -42], [417, 255, -70], [410, 223, -91], [406, 193, -105], [403, 326, -44], [373, 271, -67], [359, 238, -84], [351, 208, -97], [383, 354, -48], [348, 310, -70], [331, 284, -83], [320, 257, -93], [371, 392, -55], [340, 365, -75], [324, 347, -84], [312, 328, -90]], 'bbox': (312, 193, 187, 253), 'center': (405, 319), 'type': 'Right'}

Pose
cvzone_pose.py

[[739, 362, -493], [724, 342, -462], [731, 345, -462], [755, 339, -463], [704, 336, -501], [693, 335, -501], [685, 335, -501], [750, 345, -225], [664, 342, -385], [717, 
389, -394], [693, 383, -441], [805, 473, -28], [569, 458, -328], [850, 635, 48], [499, 622, -385], [765, 686, -93], [542, 735, -573], [752, 717, -130], [543, 784, -638], [738, 699, -150], [559, 778, -672], [738, 687, -111], [560, 760, -589], [749, 833, 16], [575, 818, -14], [729, 1115, -51], [558, 1096, -128], [724, 1397, 251], [557, 1378, 71], [728, 1438, 260], [560, 1416, 77], [701, 1478, -107], [575, 1465, -296]]
{'bbox': (451, 224, 472, 1332), 'center': (687, 890)}

Selfie Segmentation Module

cvzone_seg.py

mediapipe 제어를 하실때 -> cvzone 제어를 하시면
meeiapipe 라이브러리는 설치를 꼭 해야함.

ppt 이미지
동그라미
https://www.free-powerpoint-templates-design.com/
픽사베이









